[gd_scene load_steps=10 format=3 uid="uid://co4fu3b1g0efi"]

[ext_resource type="Material" uid="uid://8rtxw4nemutk" path="res://assets/FloorMaterial.tres" id="1_xdiyx"]
[ext_resource type="PackedScene" uid="uid://bwom6m10faeac" path="res://addons/corridors/Corridor/wall_corridor_straight.tscn" id="2_hmaif"]
[ext_resource type="PackedScene" uid="uid://tid2g3iu1the" path="res://Scenes/WorldBuilding/Arch.tscn" id="3_ejbbp"]

[sub_resource type="BoxShape3D" id="BoxShape3D_ccxkl"]
size = Vector3(4, 0.1, 4.4)

[sub_resource type="BoxMesh" id="BoxMesh_o5d3e"]
size = Vector3(4, 0.1, 4.4)

[sub_resource type="BoxShape3D" id="BoxShape3D_cpiek"]
size = Vector3(0.1, 1.7, 4)

[sub_resource type="BoxShape3D" id="BoxShape3D_earvy"]
size = Vector3(0.1, 1.5, 4)

[sub_resource type="BoxShape3D" id="BoxShape3D_ghw6l"]
size = Vector3(0.1, 2, 4)

[sub_resource type="BoxShape3D" id="BoxShape3D_01ywy"]
size = Vector3(0.1, 1, 4)

[node name="Corridor" type="Node3D"]

[node name="floor" type="StaticBody3D" parent="."]
transform = Transform3D(1, 0, 0, 0, 1, 0, 0, 0, 1, 0, 0.001, 0)
collision_layer = 3

[node name="floor_shape" type="CollisionShape3D" parent="floor"]
transform = Transform3D(1, 0, 0, 0, 1, 0, 0, 0, 1, 0, -0.049, 0)
shape = SubResource("BoxShape3D_ccxkl")

[node name="MeshInstance3D" type="MeshInstance3D" parent="floor"]
transform = Transform3D(1, 0, 0, 0, 1, 0, 0, 0, 1, 0, -0.05, 0)
mesh = SubResource("BoxMesh_o5d3e")
surface_material_override/0 = ExtResource("1_xdiyx")

[node name="walls" type="StaticBody3D" parent="."]
collision_layer = 3

[node name="wallCorridor_straight" parent="walls" instance=ExtResource("2_hmaif")]

[node name="ceiling_shape" type="CollisionShape3D" parent="walls"]
transform = Transform3D(-4.37114e-08, -1, 0, 1, -4.37114e-08, 0, 0, 0, 1, 0, 3, 0)
shape = SubResource("BoxShape3D_cpiek")

[node name="wall_top_shape" type="CollisionShape3D" parent="walls"]
transform = Transform3D(0.390731, 0.920505, 0, -0.920505, 0.390731, 0, 0, 0, 1, -1.4, 2.75, 0)
shape = SubResource("BoxShape3D_earvy")

[node name="wall_top_shape2" type="CollisionShape3D" parent="walls"]
transform = Transform3D(0.390731, -0.920505, 0, 0.920505, 0.390731, 0, 0, 0, 1, 1.4, 2.75, 0)
shape = SubResource("BoxShape3D_earvy")

[node name="wall_shape" type="CollisionShape3D" parent="walls"]
transform = Transform3D(1, 0, 0, 0, 1, 0, 0, 0, 1, -2.05, 1.5, 0)
shape = SubResource("BoxShape3D_ghw6l")

[node name="wall_shape2" type="CollisionShape3D" parent="walls"]
transform = Transform3D(1, 0, 0, 0, 1, 0, 0, 0, 1, 2.05, 1.5, 0)
shape = SubResource("BoxShape3D_ghw6l")

[node name="wall_bottom_shape" type="CollisionShape3D" parent="walls"]
transform = Transform3D(0.891006, -0.45399, 0, 0.45399, 0.891006, 0, 0, 0, 1, -1.87, 0.43, 0)
shape = SubResource("BoxShape3D_01ywy")

[node name="wall_bottom_shape2" type="CollisionShape3D" parent="walls"]
transform = Transform3D(-0.891006, 0.45399, -8.74228e-08, 0.45399, 0.891006, 0, 7.78943e-08, -3.96891e-08, -1, 1.87, 0.43, 0)
shape = SubResource("BoxShape3D_01ywy")

[node name="Arch" parent="." instance=ExtResource("3_ejbbp")]
transform = Transform3D(1, 0, 0, 0, 1, 0, 0, 0, 1, 0, 0, -2)

[node name="light" type="Node3D" parent="."]

[node name="SpotLight3D" type="SpotLight3D" parent="light"]
transform = Transform3D(0.939693, -2.63612e-09, 0.34202, -0.34202, -1.49502e-08, 0.939693, 2.63612e-09, -1, -1.49502e-08, 1.3, 2.6, 1)
light_energy = 0.3
spot_range = 10.0
spot_angle = 85.0

[node name="SpotLight3D2" type="SpotLight3D" parent="light"]
transform = Transform3D(0.939693, -2.63612e-09, 0.34202, -0.34202, -1.49502e-08, 0.939693, 2.63612e-09, -1, -1.49502e-08, 1.3, 2.6, 0)
light_energy = 0.3
spot_range = 10.0
spot_angle = 85.0

[node name="SpotLight3D3" type="SpotLight3D" parent="light"]
transform = Transform3D(0.939693, -2.63612e-09, 0.34202, -0.34202, -1.49502e-08, 0.939693, 2.63612e-09, -1, -1.49502e-08, 1.3, 2.6, -1)
light_energy = 0.3
spot_range = 10.0
spot_angle = 85.0

[node name="light2" type="Node3D" parent="."]
transform = Transform3D(-1, 0, -8.74228e-08, 0, 1, 0, 8.74228e-08, 0, -1, 0, 0, 0)

[node name="SpotLight3D" type="SpotLight3D" parent="light2"]
transform = Transform3D(0.939693, -2.63612e-09, 0.34202, -0.34202, -1.49502e-08, 0.939693, 2.63612e-09, -1, -1.49502e-08, 1.3, 2.6, 1)
light_energy = 0.3
spot_range = 10.0
spot_angle = 85.0

[node name="SpotLight3D2" type="SpotLight3D" parent="light2"]
transform = Transform3D(0.939693, -2.63612e-09, 0.34202, -0.34202, -1.49502e-08, 0.939693, 2.63612e-09, -1, -1.49502e-08, 1.3, 2.6, 0)
light_energy = 0.3
spot_range = 10.0
spot_angle = 85.0

[node name="SpotLight3D3" type="SpotLight3D" parent="light2"]
transform = Transform3D(0.939693, -2.63612e-09, 0.34202, -0.34202, -1.49502e-08, 0.939693, 2.63612e-09, -1, -1.49502e-08, 1.3, 2.6, -1)
light_energy = 0.3
spot_range = 10.0
spot_angle = 85.0

[node name="Arch2" parent="." instance=ExtResource("3_ejbbp")]
transform = Transform3D(-1, 0, -8.74228e-08, 0, 1, 0, 8.74228e-08, 0, -1, 0, 0, 2)
