[gd_scene load_steps=14 format=3 uid="uid://co4fu3b1g0efi"]

[ext_resource type="PackedScene" uid="uid://x67kdwa3cfol" path="res://addons/corridors/Corridor/floor_straight.tscn" id="1_rwkoh"]
[ext_resource type="PackedScene" uid="uid://bwom6m10faeac" path="res://addons/corridors/Corridor/wall_corridor_straight.tscn" id="2_hmaif"]
[ext_resource type="PackedScene" uid="uid://cq5cvscdmi41m" path="res://addons/corridors/Archs/arch_oneway.tscn" id="3_r00mu"]
[ext_resource type="PackedScene" uid="uid://bsr1c0uuprxo" path="res://addons/corridors/Walls/corridor_wild_end_bland.tscn" id="4_pggwx"]

[sub_resource type="BoxShape3D" id="BoxShape3D_ccxkl"]
size = Vector3(3.2, 0.1, 4)

[sub_resource type="BoxShape3D" id="BoxShape3D_cpiek"]
size = Vector3(0.1, 1.7, 4)

[sub_resource type="BoxShape3D" id="BoxShape3D_earvy"]
size = Vector3(0.1, 1.5, 4)

[sub_resource type="BoxShape3D" id="BoxShape3D_ghw6l"]
size = Vector3(0.1, 2, 4)

[sub_resource type="BoxShape3D" id="BoxShape3D_01ywy"]
size = Vector3(0.1, 1, 4)

[sub_resource type="BoxShape3D" id="BoxShape3D_7l8wf"]
size = Vector3(0.5, 1, 0.4)

[sub_resource type="BoxShape3D" id="BoxShape3D_t31wt"]
size = Vector3(0.55, 2.5, 0.4)

[sub_resource type="BoxShape3D" id="BoxShape3D_gf0it"]
size = Vector3(4, 0.5, 0.4)

[sub_resource type="BoxShape3D" id="BoxShape3D_8dffq"]
size = Vector3(0.2, 3, 0.4)

[node name="Corridor" type="Node3D"]

[node name="floor" type="StaticBody3D" parent="."]
transform = Transform3D(1, 0, 0, 0, 1, 0, 0, 0, 1, 0, 0.001, 0)

[node name="floor_straight" parent="floor" instance=ExtResource("1_rwkoh")]

[node name="floor_shape" type="CollisionShape3D" parent="floor"]
transform = Transform3D(1, 0, 0, 0, 1, 0, 0, 0, 1, 0, -0.05, 0)
shape = SubResource("BoxShape3D_ccxkl")

[node name="walls" type="StaticBody3D" parent="."]

[node name="wallCorridor_straight" parent="walls" instance=ExtResource("2_hmaif")]

[node name="ceiling_shape" type="CollisionShape3D" parent="walls"]
transform = Transform3D(-4.37114e-08, -1, 0, 1, -4.37114e-08, 0, 0, 0, 1, 0, 3, 0)
shape = SubResource("BoxShape3D_cpiek")

[node name="wall_top_shape" type="CollisionShape3D" parent="walls"]
transform = Transform3D(0.390731, 0.920505, 0, -0.920505, 0.390731, 0, 0, 0, 1, -1.4, 2.75, 0)
shape = SubResource("BoxShape3D_earvy")

[node name="wall_top_shape2" type="CollisionShape3D" parent="walls"]
transform = Transform3D(0.390731, -0.920505, 0, 0.920505, 0.390731, 0, 0, 0, 1, 1.4, 2.75, 0)
shape = SubResource("BoxShape3D_earvy")

[node name="wall_shape" type="CollisionShape3D" parent="walls"]
transform = Transform3D(1, 0, 0, 0, 1, 0, 0, 0, 1, -2.05, 1.5, 0)
shape = SubResource("BoxShape3D_ghw6l")

[node name="wall_shape2" type="CollisionShape3D" parent="walls"]
transform = Transform3D(1, 0, 0, 0, 1, 0, 0, 0, 1, 2.05, 1.5, 0)
shape = SubResource("BoxShape3D_ghw6l")

[node name="wall_bottom_shape" type="CollisionShape3D" parent="walls"]
transform = Transform3D(0.891006, -0.45399, 0, 0.45399, 0.891006, 0, 0, 0, 1, -1.87, 0.43, 0)
shape = SubResource("BoxShape3D_01ywy")

[node name="wall_bottom_shape2" type="CollisionShape3D" parent="walls"]
transform = Transform3D(-0.891006, 0.45399, -8.74228e-08, 0.45399, 0.891006, 0, 7.78943e-08, -3.96891e-08, -1, 1.87, 0.43, 0)
shape = SubResource("BoxShape3D_01ywy")

[node name="arch1" type="StaticBody3D" parent="."]
transform = Transform3D(1, 0, 0, 0, 1, 0, 0, 0, 1, 0, 0, -4)

[node name="arch_oneway" parent="arch1" instance=ExtResource("3_r00mu")]
transform = Transform3D(1, 0, 0, 0, 1, 0, 0, 0, 1, 0, 0, 0)

[node name="wall_bottom_shape" type="CollisionShape3D" parent="arch1"]
transform = Transform3D(0.891006, -0.45399, 0, 0.45399, 0.891006, 0, 0, 0, 1, -1.75, 0.335, 2)
shape = SubResource("BoxShape3D_7l8wf")

[node name="wall_bottom_shape2" type="CollisionShape3D" parent="arch1"]
transform = Transform3D(-0.891006, 0.45399, -8.74228e-08, 0.45399, 0.891006, 0, 7.78943e-08, -3.96891e-08, -1, 1.75, 0.335, 2)
shape = SubResource("BoxShape3D_7l8wf")

[node name="wall_shape" type="CollisionShape3D" parent="arch1"]
transform = Transform3D(1, 0, 0, 0, 1, 0, 0, 0, 1, -1.725, 1.5, 2)
shape = SubResource("BoxShape3D_t31wt")

[node name="wall_shape2" type="CollisionShape3D" parent="arch1"]
transform = Transform3D(1, 0, 0, 0, 1, 0, 0, 0, 1, 1.725, 1.5, 2)
shape = SubResource("BoxShape3D_t31wt")

[node name="ceiling_shape" type="CollisionShape3D" parent="arch1"]
transform = Transform3D(1, 0, 0, 0, 1, 0, 0, 0, 1, 0, 2.95, 2)
shape = SubResource("BoxShape3D_gf0it")

[node name="sidewall" type="StaticBody3D" parent="arch1"]

[node name="Corridor_WildEndBland2" parent="arch1/sidewall" instance=ExtResource("4_pggwx")]
transform = Transform3D(-0.05, 0, -1.50996e-07, 0, 1, 0, 7.54979e-09, 0, -1, 1.9, 0, -0.3)
rotation_order = 3

[node name="CollisionShape3D" type="CollisionShape3D" parent="arch1/sidewall"]
transform = Transform3D(1, 0, 0, 0, 1, 0, 0, 0, 1, 1.9, 1.5, 2)
shape = SubResource("BoxShape3D_8dffq")

[node name="sidewall2" type="StaticBody3D" parent="arch1"]
transform = Transform3D(1, 0, 0, 0, 1, 0, 0, 0, 1, -3.8, 0, 0)

[node name="Corridor_WildEndBland2" parent="arch1/sidewall2" instance=ExtResource("4_pggwx")]
transform = Transform3D(-0.05, 0, -1.50996e-07, 0, 1, 0, 7.54979e-09, 0, -1, 1.9, 0, -0.3)

[node name="CollisionShape3D" type="CollisionShape3D" parent="arch1/sidewall2"]
transform = Transform3D(1, 0, 0, 0, 1, 0, 0, 0, 1, 1.9, 1.5, 2)
shape = SubResource("BoxShape3D_8dffq")

[node name="arch2" type="StaticBody3D" parent="."]
transform = Transform3D(-1, 0, -8.74228e-08, 0, 1, 0, 8.74228e-08, 0, -1, 0, 0, 4)

[node name="arch_oneway" parent="arch2" instance=ExtResource("3_r00mu")]
transform = Transform3D(1, 0, 0, 0, 1, 0, 0, 0, 1, 0, 0, 0)

[node name="wall_bottom_shape" type="CollisionShape3D" parent="arch2"]
transform = Transform3D(0.891006, -0.45399, 0, 0.45399, 0.891006, 0, 0, 0, 1, -1.75, 0.335, 2)
visible = false
shape = SubResource("BoxShape3D_7l8wf")

[node name="wall_bottom_shape2" type="CollisionShape3D" parent="arch2"]
transform = Transform3D(-0.891006, 0.45399, -8.74228e-08, 0.45399, 0.891006, 0, 7.78943e-08, -3.96891e-08, -1, 1.75, 0.335, 2)
visible = false
shape = SubResource("BoxShape3D_7l8wf")

[node name="wall_shape" type="CollisionShape3D" parent="arch2"]
transform = Transform3D(1, 0, 0, 0, 1, 0, 0, 0, 1, -1.725, 1.5, 2)
visible = false
shape = SubResource("BoxShape3D_t31wt")

[node name="wall_shape2" type="CollisionShape3D" parent="arch2"]
transform = Transform3D(1, 0, 0, 0, 1, 0, 0, 0, 1, 1.725, 1.5, 2)
visible = false
shape = SubResource("BoxShape3D_t31wt")

[node name="ceiling_shape" type="CollisionShape3D" parent="arch2"]
transform = Transform3D(1, 0, 0, 0, 1, 0, 0, 0, 1, 0, 2.95, 2)
visible = false
shape = SubResource("BoxShape3D_gf0it")

[node name="sidewall" type="StaticBody3D" parent="arch2"]

[node name="Corridor_WildEndBland2" parent="arch2/sidewall" instance=ExtResource("4_pggwx")]
transform = Transform3D(-0.05, 0, -1.50996e-07, 0, 1, 0, 7.54979e-09, 0, -1, 1.9, 0, -0.3)

[node name="CollisionShape3D" type="CollisionShape3D" parent="arch2/sidewall"]
transform = Transform3D(1, 0, 0, 0, 1, 0, 0, 0, 1, 1.9, 1.5, 2)
shape = SubResource("BoxShape3D_8dffq")

[node name="sidewall2" type="StaticBody3D" parent="arch2"]
transform = Transform3D(1, 0, 0, 0, 1, 0, 0, 0, 1, -3.8, 0, 0)

[node name="Corridor_WildEndBland2" parent="arch2/sidewall2" instance=ExtResource("4_pggwx")]
transform = Transform3D(-0.05, 0, -1.50996e-07, 0, 1, 0, 7.54979e-09, 0, -1, 1.9, 0, -0.3)

[node name="CollisionShape3D" type="CollisionShape3D" parent="arch2/sidewall2"]
transform = Transform3D(1, 0, 0, 0, 1, 0, 0, 0, 1, 1.9, 1.5, 2)
shape = SubResource("BoxShape3D_8dffq")

[node name="DirectionalLight3D" type="DirectionalLight3D" parent="."]
transform = Transform3D(0.913545, -3.77905e-09, 0.406737, -0.406737, -1.7779e-08, 0.913545, 3.77905e-09, -1, -1.7779e-08, 1.35, 2.75, 0)
visible = false
light_energy = 0.3

[node name="DirectionalLight3D2" type="DirectionalLight3D" parent="."]
transform = Transform3D(-4.37114e-08, -0.920505, -0.390731, 0, -0.390731, 0.920505, -1, 4.02365e-08, 1.70794e-08, -1.35, 2.75, 0)
visible = false
light_energy = 0.3

[node name="light" type="Node3D" parent="."]

[node name="SpotLight3D" type="SpotLight3D" parent="light"]
transform = Transform3D(0.939693, -2.63612e-09, 0.34202, -0.34202, -1.49502e-08, 0.939693, 2.63612e-09, -1, -1.49502e-08, 1.3, 2.6, 1)
light_energy = 0.3
spot_range = 10.0
spot_angle = 85.0

[node name="SpotLight3D2" type="SpotLight3D" parent="light"]
transform = Transform3D(0.939693, -2.63612e-09, 0.34202, -0.34202, -1.49502e-08, 0.939693, 2.63612e-09, -1, -1.49502e-08, 1.3, 2.6, 0)
light_energy = 0.3
spot_range = 10.0
spot_angle = 85.0

[node name="SpotLight3D3" type="SpotLight3D" parent="light"]
transform = Transform3D(0.939693, -2.63612e-09, 0.34202, -0.34202, -1.49502e-08, 0.939693, 2.63612e-09, -1, -1.49502e-08, 1.3, 2.6, -1)
light_energy = 0.3
spot_range = 10.0
spot_angle = 85.0

[node name="light2" type="Node3D" parent="."]
transform = Transform3D(-1, 0, -8.74228e-08, 0, 1, 0, 8.74228e-08, 0, -1, 0, 0, 0)

[node name="SpotLight3D" type="SpotLight3D" parent="light2"]
transform = Transform3D(0.939693, -2.63612e-09, 0.34202, -0.34202, -1.49502e-08, 0.939693, 2.63612e-09, -1, -1.49502e-08, 1.3, 2.6, 1)
light_energy = 0.3
spot_range = 10.0
spot_angle = 85.0

[node name="SpotLight3D2" type="SpotLight3D" parent="light2"]
transform = Transform3D(0.939693, -2.63612e-09, 0.34202, -0.34202, -1.49502e-08, 0.939693, 2.63612e-09, -1, -1.49502e-08, 1.3, 2.6, 0)
light_energy = 0.3
spot_range = 10.0
spot_angle = 85.0

[node name="SpotLight3D3" type="SpotLight3D" parent="light2"]
transform = Transform3D(0.939693, -2.63612e-09, 0.34202, -0.34202, -1.49502e-08, 0.939693, 2.63612e-09, -1, -1.49502e-08, 1.3, 2.6, -1)
light_energy = 0.3
spot_range = 10.0
spot_angle = 85.0
